-0.39210286
-0.25680035
-0.11208975
-0.19743702
-0.10870684
-0.38543751
-0.44295055
-0.60593073
-0.10666905
-0.11405078
-0.18227798
-0.15089825
-0.12441523
-0.92194123
-0.15064461
-0.11396226
-0.71240752
-0.54082693
-0.06019032
-0.38777328
0.00000000
-0.53312216
-0.31624884
-0.51425145
-0.10212819
-0.20919176
-0.45181410
-0.27705071
-0.03432146
-0.13026813
-0.70707062
-0.14669905
-0.39834130
-0.15810437
-0.12933429
-0.08247432
-0.64366809
-0.11777874
-0.15976087
-0.15430078
-0.12249083
-0.18079472
-0.62498629
-0.50250516
-0.17867438
-0.17687302
-0.43340863
-0.49490832
-0.21987827
-0.35994431
-0.15691187
-0.26799116
-0.12197702
-0.38720211
-0.11474601
-0.13435890
-0.10643167
-0.08860377
-0.60136715
-0.04884535
-0.49346514
-0.15278507
-0.15398641
-0.13987485
-0.13717225
-0.23522352
-0.12011448
-0.10882519
-0.09569390
-0.30218356
-0.12256190
-0.37281102
-0.12615774
-0.37094876
-0.35054938
-0.33193356
-0.10596392
-0.12942126
-0.48368535
-0.43908097
-0.45967246
-0.69290457
-0.86962668
-0.61717913
-0.53312216
-0.31624884
-0.51425145
-0.10212819
-0.20919176
-0.45181410
-0.27705071
-0.03432146
-0.13026813
-0.70707062
-0.14669905
-0.39834130
-0.15810437
-0.12933429
-0.08247432
-0.64366809
-0.11777874
-0.15976087
-0.15430078
-0.12249083
-0.18079472
-0.62498629
-0.50250516
-0.17867438
-0.17687302
-0.43340863
-0.49490832
-0.21987827
-0.35994431
-0.15691187
-0.26799116
-0.12197702
-0.38720211
-0.11474601
-0.13435890
-0.10643167
-0.08860377
-0.60136715
-0.04884535
-0.49346514
-0.15278507
-0.15398641
-0.13987485
-0.13717225
-0.23522352
-0.12011448
-0.10882519
-0.09569390
-0.30218356
-0.12256190
-0.37281102
-0.12615774
-0.37094876
-0.35054938
-0.33193356
-0.10596392
-0.12942126
-0.48368535
-0.43908097
-0.45967246
-0.69290457
-0.86962668
-0.61717913
-0.39210286
-0.25680035
-0.11208975
-0.19743702
-0.10870684
-0.38543751
-0.44295055
-0.60593073
-0.10666905
-0.11405078
-0.18227798
-0.15089825
-0.12441523
-0.92194123
-0.15064461
-0.11396226
-0.71240752
-0.54082693
-0.06019032
-0.38777328
0.00000000
-0.62498629
-0.50250516
-0.17867438
-0.17687302
-0.43340863
-0.49490832
-0.21987827
-0.35994431
-0.15691187
-0.26799116
-0.12197702
-0.38720211
-0.11474601
-0.13435890
-0.10643167
-0.08860377
-0.60136715
-0.04884535
-0.49346514
-0.15278507
-0.15398641
-0.13987485
-0.13717225
-0.23522352
-0.12011448
-0.10882519
-0.09569390
-0.30218356
-0.12256190
-0.37281102
-0.12615774
-0.37094876
-0.35054938
-0.33193356
-0.10596392
-0.12942126
-0.48368535
-0.43908097
-0.45967246
-0.69290457
-0.86962668
-0.61717913
-0.39210286
-0.25680035
-0.11208975
-0.19743702
-0.10870684
-0.38543751
-0.44295055
-0.60593073
-0.10666905
-0.11405078
-0.18227798
-0.15089825
-0.12441523
-0.92194123
-0.15064461
-0.11396226
-0.71240752
-0.54082693
-0.06019032
-0.38777328
0.00000000
-0.53312216
-0.31624884
-0.51425145
-0.10212819
-0.20919176
-0.45181410
-0.27705071
-0.03432146
-0.13026813
-0.70707062
-0.14669905
-0.39834130
-0.15810437
-0.12933429
-0.08247432
-0.64366809
-0.11777874
-0.15976087
-0.15430078
-0.12249083
-0.18079472
-0.15674566
-0.57407601
0.00000000
-0.17715732
-0.63379147
-0.26737820
-0.13077686
-0.03942800
-0.11103286
-0.09288330
-0.31304998
-0.05439580
-0.09029347
-0.55078288
-0.44251353
-0.13509257
-0.16272608
-0.59411673
-0.54119769
-0.08562277
-0.11442479
-0.64250989
-0.18152804
-0.10479113
-0.53681194
-0.16970691
-0.05725668
-0.18493315
-0.50110142
-0.14905358
-0.51617195
-0.11936041
-0.34118558
-0.13166892
-0.08301123
-0.42347437
-0.09288330
-0.31304998
-0.05439580
-0.09029347
-0.55078288
-0.44251353
-0.13509257
-0.16272608
-0.59411673
-0.54119769
-0.08562277
-0.11442479
-0.64250989
-0.18152804
-0.10479113
-0.53681194
-0.16970691
-0.05725668
-0.18493315
-0.50110142
-0.14905358
-0.51617195
-0.11936041
-0.34118558
-0.13166892
-0.08301123
-0.42347437
-0.15674566
-0.57407601
0.00000000
-0.17715732
-0.63379147
-0.26737820
-0.13077686
-0.03942800
-0.11103286
-0.54119769
-0.08562277
-0.11442479
-0.64250989
-0.18152804
-0.10479113
-0.53681194
-0.16970691
-0.05725668
-0.18493315
-0.50110142
-0.14905358
-0.51617195
-0.11936041
-0.34118558
-0.13166892
-0.08301123
-0.42347437
-0.15674566
-0.57407601
0.00000000
-0.17715732
-0.63379147
-0.26737820
-0.13077686
-0.03942800
-0.11103286
-0.09288330
-0.31304998
-0.05439580
-0.09029347
-0.55078288
-0.44251353
-0.13509257
-0.16272608
-0.59411673
